25.79 184.17 503.00
25.58 183.33 511.00
25.79 184.17 507.00
25.99 184.17 504.00
25.89 183.33 509.00
25.58 183.33 502.00
25.89 175.83 508.00
25.79 174.17 493.00
25.99 183.33 510.00
25.89 184.17 491.00
25.79 184.17 511.00
25.89 183.33 501.00
25.68 183.33 514.00
25.79 184.17 509.00
25.89 184.17 514.00
25.89 184.17 507.00
25.79 183.33 508.00
25.89 183.33 512.00
25.79 184.17 500.00
25.68 183.33 0
25.68 183.33 0
25.79 183.33 512.00
25.89 183.33 497.00
25.79 183.33 504.00
26.19 183.33 501.00
25.79 183.33 505.00
25.89 184.17 499.00
25.68 184.17 510.00
25.68 183.33 502.00
25.79 183.33 507.00
26.09 184.17 505.00
25.99 183.33 512.00
25.68 183.33 502.00
25.79 183.33 513.00
25.89 184.17 505.00
25.89 183.33 512.00
26.09 183.33 504.00
